1247406,
1247504,
1250397,
1250410,
1251510,
1251511,
1252829,
1254314,
1255523,
1256237,
1258148,
1258203,
1275207,
1278586,
1287305
1288374,
1294567,
1296545,
1296547, 
1302958, 
1305240, 
1305915, 
1310306, 
1310475, 
1316793, 
1316794, 
1316845, 
1321225, 
1326158, 
1334448, 
1345611, 
1366341, 
1370603, 
1370614, 
1395070, 
1457045, 
1614040, 
1642082, 
1780347, 
1780385, 
1882074, 
1882075, 
1889115, 
1896077, 
1897090, 
1901737, 
1904098, 
1908382, 
1915102, 
1916143, 
1922067, 
1931019, 
1936356, 
1955071