1246529, 
1246530, 
1246758, 
1246804, 
1246892, 
1247294, 
1247344, 
1247406, 
1247414, 
1247424, 
1247459, 
1247461, 
1247474, 
1247490, 
1247500, 
1247509, 
1247519, 
1247522, 
1247531, 
1247552, 
1247557, 
1247570, 
1247576, 
1247588, 
1248020, 
1248039, 
1248088, 
1248113, 
1250381, 
1250432, 
1250435, 
1250454, 
1250459, 
1250500, 
1251487, 
1251500, 
1251510, 
1251511, 
1252822, 
1252829, 
1253452, 
1253469, 
1253491, 
1253492,
1254287, 
1254299, 
1254314, 
1254566, 
1255522, 
1255523, 
1255732, 
1256237, 
1256247, 
1256817,
1258148, 
1258177, 
1258203, 
1258222, 
1258228, 
1258249, 
1259514, 
1259609, 
1260113, 
1261579, 
1263090, 
1273602, 
1273656, 
1273696, 
1273859, 
1273862, 
1275207, 
1275266, 
1275373, 
1275570, 
1275618, 
1276283, 
1276489, 
1277101, 
1277165, 
1277187, 
1278500, 
1278586, 
1278765, 
1278838, 
1282114, 
1282124, 
1282137, 
1282256, 
1282360, 
1282380, 
1282751, 
1284929, 
1285504, 
1285524, 
1287305, 
1288373, 
1288374, 
1288495, 
1292554, 
1292601, 
1292618, 
1292650, 
1292870, 
1292963, 
1293011, 
1293084, 
1294419, 
1294557, 
1294567, 
1294625, 
1294641, 
1296365, 
1296367, 
1296397, 
1296464, 
1296545, 
1296547, 
1296626, 
1298737, 
1298763, 
1298851, 
1298875, 
1298961, 
1300498, 
1300516, 
1301766, 
1302954, 
1302958, 
1303090, 
1303097, 
1303970, 
1304104, 
1305240, 
1305248, 
1305276, 
1305901, 
1305915, 
1305917, 
1306681, 
1306717, 
1306738, 
1310271, 
1310302, 
1310303, 
1310306, 
1310319, 
1310475, 
1311590, 
1311637, 
1313709, 
1316112, 
1316793, 
1316794, 
1316845, 
1317035, 
1319058, 
1321075, 
1321142, 
1321165, 
1321225, 
1322072, 
1322103, 
1324726, 
1324948, 
1325909, 
1325948, 
1325961, 
1326158, 
1326698, 
1327289, 
1331899, 
1332550, 
1333207, 
1334470, 
1334551, 
1336384, 
1337244, 
1337267, 
1337325, 
1340470, 
1341894, 
1341913, 
1345553, 
1345590, 
1345611, 
1366315, 
1366704, 
1366764, 
1367234, 
1367556, 
1367578, 
1368227, 
1370183, 
1370603, 
1370614, 
1373123, 
1373150, 
1380092, 
1381020, 
1427020, 
1430218, 
1432254, 
1433255, 
1434201, 
1435171, 
1443060, 
1450127, 
1456032, 
1456050, 
1457045, 
1514042, 
1514043, 
1530035, 
1530120, 
1531108, 
1536060, 
1560112, 
1574050, 
1575050, 
1575053, 
1589073, 
1593036, 
1614040, 
1629030, 
1642082, 
1643063, 
1645125, 
1704039, 
1706103, 
1706107, 
1712066, 
1731036, 
1733032, 
1770458, 
1770502, 
1770639, 
1776146, 
1777225, 
1780347, 
1780385, 
1784074, 
1790222, 
1814075, 
1850161, 
1850162, 
1861233, 
1861474, 
1862260, 
1878637, 
1882074, 
1882075, 
1883056, 
1889115, 
1890073, 
1890102, 
1891082, 
1891118, 
1892070, 
1895045, 
1895057, 
1896077, 
1897090, 
1898069, 
1898108, 
1900091, 
1901737, 
1901738, 
1904079, 
1904098, 
1908382, 
1908404, 
1922067, 
1922071, 
1925040, 
1928157, 
1931019, 
1931242, 
1935471, 
1936356, 
1955071, 
1955092, 
1956052, 
1956098